BFS
Durata: 0.367046594619751 secondi
[(0,
  [(1, 2),
   (2, 4),
   (3, 2),
   (4, 4)]),
 (1,
  [(2, 2),
   (4, 3)]),
 (2,
  [(2, 3),
   (4, 2),
   (3, 4)])]


A* Manhattan
Durata: 0.0049893856048583984 secondi
[(0,
  [(1, 2),
   (2, 4),
   (3, 2),
   (4, 4)]),
 (1,
  [(1, 3),
   (3, 4),
   (2, 2),
   (4, 3)]),
 (2,
  [(2, 3),
   (4, 2),
   (3, 4)])]


A* Chebyshev
Durata: 0.004979848861694336 secondi
[(0,
  [(2, 1),
   (4, 2),
   (2, 3),
   (4, 4)]),
 (1,
  [(2, 2),
   (4, 3)]),
 (2,
  [(3, 2),
   (1, 3),
   (3, 4)])]


