BFS
Durata: 9.528566837310791 secondi
[(0,
  [(2, 1),
   (4, 0),
   (3, 2),
   (4, 4)]),
 (1,
  [(2, 2),
   (4, 3)]),
 (2,
  [(2, 3),
   (4, 2),
   (3, 4)]),
 (3, [(3, 3)])]


A* Chebyshev
Durata: 0.005990743637084961 secondi
[(0,
  [(2, 1),
   (4, 2),
   (2, 3),
   (4, 4)]),
 (1,
  [(2, 2),
   (4, 3)]),
 (2,
  [(3, 2),
   (1, 3),
   (3, 4)]),
 (3, [(3, 3)])]


A* Manhattan
Durata: 0.005975961685180664 secondi
[(0,
  [(2, 1),
   (4, 2),
   (2, 3),
   (4, 4)]),
 (1,
  [(2, 2),
   (4, 3)]),
 (2,
  [(3, 2),
   (1, 3),
   (3, 4)]),
 (3, [(3, 3)])]


