BFS
Durata: 77.61644768714905 secondi
[(0,
  [(2, 1),
   (4, 0),
   (3, 2),
   (4, 4)]),
 (1,
  [(2, 2),
   (4, 3)]),
 (2,
  [(2, 3),
   (1, 5),
   (3, 4)]),
 (3, [(3, 3)])]


A* Chebyshev
Durata: 0.01792764663696289 secondi
[(0,
  [(2, 1),
   (4, 2),
   (2, 3),
   (4, 4)]),
 (1,
  [(2, 2),
   (4, 3)]),
 (2,
  [(3, 2),
   (1, 3),
   (3, 4)]),
 (3, [(3, 3)])]


A* Manhattan
Durata: 0.013962984085083008 secondi
[(0,
  [(2, 1),
   (4, 2),
   (2, 3),
   (4, 4)]),
 (1,
  [(2, 2),
   (4, 3)]),
 (2,
  [(3, 2),
   (1, 3),
   (3, 4)]),
 (3, [(3, 3)])]


