A* Manhattan
Durata: 0.32816004753112793 secondi
[(0,
  [(1, 3),
   (2, 1),
   (0, 2),
   (2, 3)]),
 (1,
  [(3, 3),
   (4, 1)]),
 (2, [(1, 5)]),
 (3,
  [(6, 2),
   (5, 4),
   (4, 6),
   (6, 7)]),
 (4,
  [(3, 1),
   (1, 2)]),
 (5,
  [(5, 3),
   (4, 5),
   (3, 3),
   (5, 4)]),
 (6,
  [(6, 1),
   (4, 0),
   (2, 1),
   (0, 0)])]


A* Chebyshev
Durata: 7.111964702606201 secondi
[(0,
  [(2, 2),
   (0, 3),
   (1, 1),
   (2, 3)]),
 (1,
  [(3, 3),
   (4, 1)]),
 (2, [(1, 5)]),
 (3,
  [(3, 3),
   (2, 5),
   (4, 6),
   (6, 7)]),
 (4,
  [(3, 1),
   (1, 2)]),
 (5,
  [(4, 2),
   (5, 4)]),
 (6,
  [(5, 2),
   (3, 3),
   (2, 1),
   (0, 0)])]


